11702027843493910483133568173173329234729461842594764894191459437954942910799
17165850110941578296428488385195496715513316716486966501172163883592591750515
24303684486239875420043043166164098928721584179249485294684501283450307890
6056388738740773978114334992258328046687660324070776309984397216581229358594
12865702110857517217476177654919210029447052826518429022778303752805571545172
18801984513110144441864734025079838596892240269889856199529865981991432562069
1293124419048788567677442009700071203829807907279185265955342227591442574108
18028631017900342693664433019207783558394582929679763121665885206590511887885
18543612304131190878785470534913680281109601555042391436093694142547035245617
11110848412601810849565673128063613727271823375555313166109932042675397933610
16711839269842294603697661515665909044835523770510946195749805048963384561689
21602621365496953172442931861467837251962374377503212907506403765830360413871
16902252176580158804048068558055525155682235096915776434244407497194477738454
15163442116202399775165062232026378770530555017823359175647999427143422834253
10883447315120965090000484811668462452801355218967217520585662767941611385995
5635353418934752673045789056746820401546841255919471100117823849701829584710
12903124724641548820038108945796862454296807300028703626595060020806725745414
13947462737499784304609193093287383914019675531832426767282800024742747924787
759626626952487697001624886703936609358340212778040240272809477690974508414
10421814674893438564865682566632023124102387276572161434979322039837784172836
1914999197741028271228111452916916509329525422024310920368550252658177387203
15061498212876192838095224165226101853338139837207007344247926069921587297216
6766147766615311981010900644133762051190200417263923581545004201016752745052
2444466175393627623363510136044080670493777721032605602003091230041790015929
12161344189990535967929274443292923704997571083043871972090956543022044496129
7645825422147468667287184456509299791335237470076986595098238073023260206912
11532928258762541791392824512463155751639758966988197480589472913375658248820
9868116938167580542106142146932371451214577098653569263563235603654087858395
13227082953227425254838709103656550817960995130429972527110843373546105935819
303650447566687837717427554008809346511897056768922930959812155878914270664
4542830596090547003363865891251681100983352755701253194416882278525003329330
14191519736024707635414543738573258537432285668171150730334460241442251157115
11830926553596498428777263933324003596325866491658518068968854336937450059111
9860301075266703901165503892920813517263656404776087189862574542052020165970
13507661417391202236332285280206273747649356875217646135046691013330429075093
9167390018597311362596847042749764330472265624426937411595511379927066291258
11440645068678219633661066053208954896902151932146471588965792249068160805765
10823606151673425610336051641346620936991936747511034259484926013732388921832
13148850749252487504694395456589034001952139171388464077397162613419176284017
11384287373870683505031042198109643243137006344177341954157440888757865602420
3678046815414675854061608983376180266899713838944791916288145786124528126869
6874747514161922766193806350119627643378245690780870753306234282032552073404
607278874734691329810248879717820887446689786001691516120367414051001722680
6319485932091852320091408707597490541540133882537750949507886995526861762048
14142363227710881037299482621876775528371565550256098554541752890601902399209
20118934130658078332330071304015619007880665749800226929534369397533346271520
3866399523192434817878396707230582971185396502696046050873877827321674776420
4149033595854563977794264398374537279803613853984100533181808357609659109271
16759043715213528659558756788926441402513345443485217795728228405795530402219
6547393983804032853981678975561523467957041118370418344124324316863069697105
3661195426381044151831123070059044258885499571232822208378594363952357121525
15416641159115782109444347961453068478173895224571604279144470655876595833851
2513822285169739468246184867567800529429831889748938516175710644999345283265
2891326222849059395275782263817066226501053423874523686552684322072726876904
334800502917046122478016651879073056475030729093643551943840647028776431990
8874004884311382625779473546250655854184907165692073255969090204872012847061
2810143738353896227693051310999221222687045311574451137109356620166937020904
7723482075890007220346799577210700729021311642495815362941676957390716945129
17662510697109764256496083020191940540073997478937705097810843759746427265970
2600302179439924669267101879933023136177822487758657932317236367005028555758
15398773931488055925648292704615572553742909129030777770818354829222076149752
19763599043796839871361461080547799311402939273690258215898929537261989561927
10125873047749400668120391543390716095866134347825220426232023970118140109574
16164768888213908737238676033090989851676093335730216567875039453099779375700
21108484119274140098336463888723404395392292548423867533338494552972721480816
10292652073772939030832996625157002570267192524591961929425237683212125408413
11364529640507720941066833929924299973333214091072212223718625425132030677114
5718592492732165524184796711064168691745077280078501177872043297911775936126
12935119829175997519377445270902819819787680049038279299526235461185194448749
3870075355796639543111608527963930412417617767471327311861710810846343257710
5049240134632254398551970454824054402447272148941953985041086605674531545938
5801275618287327278870932857920297704193037425990876687160113959013789033888
18965091793389740545177615256079706073039079402459192768764773735135420313347
13301180331313918769716783746198328897226809886839496961323412304826497501211
18127386106158993503723365343467383182361685725162338446949574146867709530484
11504681996352416936311712662847257306328912473271278080658406782812873225258
14042158047355621167106619742611809156335918429434419262182982805450690829726
8173154350639660313338483061682232000340108424179762795762460345452454400642
20489844704717721737646227097861266503631810005684460634069520324377819927473
12299327085438714138943703175875046058827208207598807862008528926044792031349
19873878410333532250904333549872997140714101107490274115981115819468494790768
15583060296587144374987848262776467527949506165291935301431131325957850977203
16760081648061774102580637108341691913885616638995620762949968721087477512250
5760118303170626946795839209900341683559211197535139139886378424296583532129
6806126683791478496297470432839609684156045860735527538589557504449855990266
7800588556962376220755573949406208401347942285401872007836709097278431043710
1038611173209085080053353868340789677462049063703342942495633960055266271777
5326122383626598135281012692933399521513588535351686364097998920511476612919
14541196194831208619064428700024390255297141534629703299798717812561462581794
7586245742094851357036071231718094469029056340478133945292877446973734204574
9200983183386805921860250598017230428215547262158066190617399425787265169717
2880341899388380822290172479711180012406729100765480911021080149477168099105
16913851393407638172960544707225329453575903419499653949612788086865680876258
9552462846664368468201810668801192730629425210161735136620650881346189174597
7749355085605494636408977243356968065472086070797038676624217428340942073698
21220249969259715673786039964679788293134242059289713700633039371752594017829
14022823463304970243174735096111039550396745394385378426231661511254713280145
18998438548110314917313478929402818291015700488065071599499865660486816224423
5358062251605836588959629212260070925628124155821345839144293076699659153520
10710998001438880996634506831915348037873200282788219500229209260760225512418
1801500395703391610748385257533441089131533925661376341496837512798404907147
8812542066855887481465839718332597903702927933423619727521974309327935501945
7479026982668574961580088223642488326076727835988504908060109988413648825139
12488052189934602975555408622659023038469264970441223025487487187020841277710
21842038962771696263768038866993390783086938347019356571511021331043467504791
983615375169670668865271524697720555263498954187759732901961177179350098349
7625373523855345927274122549581984864935647612610423729010581594891509004881
20768539791378939380530859465768272238289061387975528825210610905717470868373
979911373082282590927469166921549291708132386085520166514328368550434819888
5897744091920572816380472508897383300565838595371471978662328017927113540425
16212019734024510736802096532085440808611270327671950283492346611812264408580
21553510483325516681830482380696418885081870577692403088674669330796707461637
7977177237255141549532984149319032261887530362476414845893275431108514182158
15396803290853141117281963827145711077301218352619037615701211649171272389419
2983122559902843256485677317240336746379412472271231930451321685938176154894
16671047567177813792032411378088455987296404321551526759889428177391619627054
14707289781686778448264757054592176331287487678873151326039401733533528583841
2470221344125879462429792889909015741785807915668877464638364277771017454299
4694607337436197542253986070420668643249280554527361917866350187212775115459
7409791118603814864273364267316387527772877556021192189797367802692441985167
3254494981918140354773527660074189238224921822265976301333930585422819875692
7326379928386257365966346164794427780685602541206482077110588580483507459869
16968211266632691078448943851846466834134898670567802137348373146573687357663
7245361098592129771234572179962649355600578306286996250697922471820722932004
21724569586887614158080829747401453277863997130745459962348116758427079977865
1377631227800980865910001695735265965092067829404506937052658675807411102593
17934645879665504656660082820768752382348119536330568857744218282300231562158
21544840305584409312915067679194881435122264395933054830125513937911622576364
7692502864397249793993327907156611480885178883235592621259189118735435913952
17490084784536952915732426174254245397933945165645233811331689782696960563985
9830531375928523884284294576233661347788920140593794984019162119568915625084
20093699639805043347170321147433423833757930288668817502732342449063551556002
4100947738704419356266278538491166441609595456280295952717484278830292000908
16356275618047314616127605456387524456674899020663024101996251470812492493769
7322485407741907105301379603913628605517495270647928122000818726653815169943
15286255426908939664295733090208072187303006805710749564408948675650199968508
20937958797585895277328625743440939502290819752471226522745128351260409629533
7606840315270325024375746967945209121056952201662767577658280659164108136831
8599167845976233835129728992951898213541175513257035317758854834000791906418
5162756047799060666979220733742641690252073795896581850441567247708633440176
20767893213624873572661192503623025586394086396446067580783693758876194074282
20377792553538396460567514506341367294837323160152133804291739301916663139609
20834584242740059045490011740309139206563375053507452654064999865005655207371
20373967451282808369808809377182300931153203058589493155555571189305425110135
8966596033988809142707693397687356421853650872220790752279958148714355059949
4971920431888654022321600071381090011351604167486747810531704806814162271296
3667519247837929677482228397525385807849065071454043311135710352631894205197
5224574681933893625374921657099810855950886353204828537689351716885850503260
21767048304300251957453242390643693280176263680689211155033721958721158171528
9812522515153208245776541005883783248552026225702531743623432334659491842943
20128281947639893370618680577298281951641721773807703453699240508815857278842
17297635895847027873460423284101027448472472754220099690092891895053324592122
15897641620621995925235193071015325731314504373405267206202030577996673782266
6450419215923740637474566514588125061524650071695855736330470454635512507275
17598800692750056965859642871423294741638310268835204809256075980088849698444
8716440888264792822542831542773392011217920301089391970983021165462297331198
12823709122601556094921393347610133151080714494866988074704155824351604112720
6494159091524287639186078434771833167633085784167489639836494737789993205622
18102112690577450243627055571443947667084764886921432685175708869864299424608
20988228229035618283852913065830480705687259213281932451824982604368105123434
18593214073259168215380447528630039380876294345203881894377049241971179727651
6989480163636760708233356409271765166884567411758162497786282708903779933749
3976879712983221059096061800649611932292576293713069222628741326099718242659
7368157299197325571362197165468504122844364306838545643630543712091653752653
1648045119741096076861118115814584483332510830155523121624695168158856445654
14085197740095564500097636216606037302092135587200693002427792770438654880455
6934063926224579611279613982623328413755298437546134953043631335159990808964
4897602564917030946766300061201249715060832083268938776888742739395381253403
7147137278389422204674805664080840281968301161277454352788360559622915674227
16816378511729776665053849943031558000705192930444656224247417845309428890781
20753743124192453273023533016462372765988907571921714589025356156527101313586
2018781027233044285761349717724200505645586393738172739812989950209507471903
5617271873849728337102560974358045941866272586599394113357828667498870109203
18706172257912287488093611519588763675592102440724583721114940789027677024938
9901595211627746158744441793093492325181139111244238835854272850265939992994
9100108375224799920412297851214461182383078449423843379796313541921591011670
19894248520365446203306612187047761479184776401853495005998354720131430152441
14648988136680969526531788858471359270529386509930293147268182470783642236942
11392156543700089559928704144856266261105617545719369389545341927084242486102
21125571067372348488545558283353385224435779552395566516868354972286504756798
16249541703141346037171754194540391743921052435216574702657544608716538879654
15179648628420728167629614814403849559332114679155382069637017558945193001529
16418393960054567633029819330526957959078799916130344442276144928643620715060
4309338397580997275591457024085843585541400653449022972461015669675771527701
21195594047143858182144351000731010421696798283374712640516066583118802208249
9222583078100521090109213350759991433399524040138722585778994491667711209536
11703471462350904744290963863743970229847214892836440122968891836857519363315
15218256369066290732762983361745464163741807495211163610086319012010219942394
18600664303150856568973420453146066833599026435431362946639695014699743347325
3800595385442674732886305597297483710121595321650616905408861246720481501480
8064642507118482622345621518509936879327428281023172899475507946678333414532
854364511093546205210915664642219277141427433978616851958338145350508434708
10595994581433810910888180040965864306300846457035690504284421071043144141184
4338992218720958618786508719487073366428283991416702027290876871586592051731
3234015695793714165816454768019826234297242390210729757195898475495230672167
13519608594123292153335001669989070841145276165430177088859898980982222626166
16895315461357564335877283784304728066596631430489870778841663389758526283167
10698678120974801859477369388055430574081662828423773980951929567893060989245
2803693212845025091567640580864922914516289325237898315075531454641693200420
20374926931035358133783580784324553181428754416255337510398848375029852994920
8241963171684214858565771679390657728247808146450411166954138772903780167107
1869408821859739522404211535898804788666157768924140505365036645570506992955
11079253541572512669524486122883458964790765374752414102617731209881373914627
12175330534581188888740493200324378157617551814430662352913209040413203191181
20604820795010367603060150431533589959047917821585677665300586805843087462977
19778490118281993060300144864989797786722829124354205462315167864886100854388
14131131683053079801030178961373829808807575378959239075962782730776934120843
21193534487028118418308177699696556239323210813911136346228970794221137374940
14133400275733248126437208395718018056858327498309727092265418829148829634959
10834351619956618043446873566127203394020076666541513490188762451074437644580
18426951472068965286116938478436052734941767688851064796997637601171799644953
950739978740382531322908261766273912241642529538517639966786651414396525420
13295497390128428548639348215738740198599755429469861648624876755039834946919
12436694339498881555652061359413224388724015790437095299560347369273916902086
18654988157505190582270577701113683016866242093305020269455973406936085805504
831067156864813877917815871370539218283421767267138836680230562160138627839
11911470056294488682452513880203771689453316676107719264171209149572571246730
13969048786782878415184371659856914562669147183309480834457848381056467498010
18803047373859678678694729380303662190612582960475831532956394064599867124628
12894201964671433203771114039462952641309644883150337323433903520763750447344
4501011983799948697588717987746679631277910542900547219905756215203706351979
19503256100880733055758898256489407453008962713930761559676635053570928828151
2775327563907749714887387217528357539721268115264402037719434377053284272498
18072557409167776728750218875448485664984890392205546613275242841751372463964
7363196853047328471980164740721987460678572919855311314494488133668716709237
18080710487116372897491790379200042314093082965289253831062148268048445912416
5068553129124553338185089666637158272181401254926383073293913182690558005425
21513284584412260016137185787839823922119561659533606416087725399774890200400
6062596544489984671046440931393440384232329491316688408448829764552064348473
4614618970861415222799984290012595132731738210051544251298441046533696933296
9459486093072303318975435769460096843049406492441953802772792820081218550272
1320111231643548024115184470973821982539356329649495051057953299083871261243
19965592225756608316181439936720238435960941298413447969916032357717049536680
7879258588967258567762206863191776103458270180075346570639191656270758757589
20131813460122649496370328159542205660733011852472184467235073558684363673964
5490880392761147583439651467161894312119623893198354061309509694366447670745
16302678847782236946997420035429177631624627624885297809888892096880125169948
1801139061017767523638456568765587319949408615864221683380537877519685588337
17407289704497629582752189719173016305316329803262168013507452544193179197644
2559513761360574239318034429506704486339415271007584216391483418268668696550
11964001552597351468818627075096917850206352884490392606058131207095654195186
20642822371466925272866330931850077701297451262332164896022145742105334488152
17035352835692770044913701378907066710308777574781854505914424859499778832892
19337490221427817407636611175372140708691604507703053400383783912601168180503
4552276720290651957251030426812993461866435094482288211519922655765149992755
10310458241722680957775397674005491578669168255998893075438511358117496583313
8968240045205011266060302431937340800825249427363663909559003565091115157817
15911117123048910592743401716024171467570686917818644295732276040224521536053
5326660832009541276718108215408926622220736442700767563277375772449007376707
6807586268116323231430312545868956947132708791316499719048831602657847530590
21467250727528112229699939253147665161908791635536890807395751339766064334963
13533847935615423652585724591142616375829593014523895124381954709967525219263
8208487413726742505741411845490966194195320548774380631087620670672370431768
11815389888216318520526287787773786433434836058848742702434440496762140999570
6138312782875789247057353143430510425122688794142474092436999394144342816613
3481302372221117590159836515304659397730409231802835844255238003404625701096
12591564048035384211712910397139866170183408311791400534316324458924263247001
15397657686746888411578639881016918269472712452914027389286643787906282597323
715192669056228952692534957221798003975083260723905552214826255681013993864
19457716782184209522534189868940815191545763333384355320193105983628421274595
17448405688448061632672127933730235407296307631497333161778882466961340026192
12671800075673365323928697958816512825003722776250017114131640263931651857284
15902377517937204339080455337217269349110557733472281472780131106422101107322
12295919378780585087297477913853547796804396372953810412446197275761173759677
18033030312391546176117233408728619400691869529775651552977416320715678747483
5681977552143028381544979452361231959925789199381589675418018378471320679400
15456046951848102947315710504697301504945192673759168188439368207561605104148
19114660533239474452654539254953374554816351853409317341730841299231678312962
12335427042301203815312997168369386165877084561352110656892011903737895877343
6011425826872120896209784778267503332047279748408106801427104349536029241445
20220655307546007612144433658915433276800883711699428546957750707692688887950
17035062569853543741977519882388908775991790719812189666192824849924433502522
20114200640946202565817425347816996849936304177035418650095769507067275339784
5375844551956448331881075107361221432910130673045694601286747782439248426806
21808441052238380207050476060943943397327650669822103276731558831313185693469
6630002927306703225798870251646770416526714640328570455580235887301976917583
21277607219305012902997021625586760136525009235291847693898905078396198210850
16555855328990708737193282009039333044464832356142182870379569640715419810194
16797689926633971835787142545784376067941740686746746342648635186994185807506
18573814957290207240682261940990423513197386751551453503366549709015591437800
6941883900312684197567911575671622081173706508593988303565202865530263445293
708211985935621888911996407491427826628165490896114809045636578523402624397
2063399659849594374457558991105830961126580359309855657751963403546230028270
1979320897571452628072661417865395194344675162429186785502299358168827567398
6950115172813790596479561122892588516714079084471285384181125921922360875224
983291204994051581795424108013555795170154601440935970027372129030876530857
14077692325951268277971539061653898761047740529226739566700613031480302236908
16981216503430458340604293336474290941277686344271295633711314208340824946262
11315420203249275906080696186540875727408675654694123909091796406400410837156
12708259023033665840047258206856035233824004519809896565901208770269834505199
6069885949645359624443807303858300890098993972144970871880693618157339712770
11676702056127313927020556612361744214983602211140324780738125924064492310563
11683366323880801953427551773998228100184812964107818914322383536093071776431
18988697695585612919974327341269312398020670963231081716504639535379969015099
11317930212682216000936962547442754331195886075343582466474424724491240428243
19346990141313998263251495141291603308117374402109508148621072923655987516288
15583748632929899300326300619697524615310393434587608386966178583049469746875
5071559587951935613627910154376909730866039977402405292616181860297270553457
14805153605367035572600617280377561291737426996255092644340725196286774304725
11219363046539469774823399895047700526059868903483642098579625825090042457698
1999711269304341410115332000883481116232078234268629804209918686436419515240
197330497433977029077709817020686878750534212801836592078669974332077844496
5966109985433376017404172572547907802361820096963915969288085882811358541819
9973693763773037809041791418335788672868178601543302457498559686260618345349
4792436644604155523161366410599342751414954342460417194589156265093512242165
6662788523492689482036415648047034007850337855071235557705108581583455588009
4810000525924129144111761905856440726827365576298320543876413981435942040016
19948199413894445498116569040707790157694609361633248358406994029985933895531
11893916586425873185232807953526780039739240426507706979418633405925724475428
2113601903817918513705718858272625230334907798853765353813443462267133210617
10582007925858215104201829391846074750028011809398325955891380525220221155804
14636179120990101001189748501308437272161167097348637149974192818410957252469
13833702736118060525267105407020577767082299876927925999163648413710909806536
18908169439037474218116833360164009588008621778356626733094009297771123511002
19510331521049581100605181331034404444947902932100059621378036624940461408592
20630356604930253183189540751962247294685711122955532862252770627758408010841
4458283069403296523852098001478804510508409661659574629595783424935925736407
19802410203555106482925226744831730652586263967256044353700028517870153894747
4549108397559735120272021833807374068333173353509607055520032651894670269253
8796743343465894850896467372330313442927045633945067852686494367495601182609
19374431518813972256968410122105645951063751155215653067532527301982143959726
1110880587791786023139944433573482059105676922181791043062847850728089045256
11816453513127350973924642523700868492882381126249293408716157973464950942366
20674323321725821643654345833248188708676611924628590304529240746896957738809
14018774335738284205485237810281802663063506604551608716288692026111492807301
3620609315347607490003946141284888683503113369730149908906074347145962635860
17831818838029074521440130808573502130074655871429623206753236396988535363323
6642274019451232492883620316303856349359991970486605873457239343781517905113
9618401902436157723394784422477847023087704304360619429973575681147695745005
11308148105885823940728518420129385984001817678053593195753690305781467952942
7772134658367074391417763611482560923934066399148108745635784884005237861948
15490905560101129919635918546545558769361572248995543363325419457367539182794
2753428157760390966619653705856981920490453474339843032589134669355456756707
21839784717729254607718364711247479146754545120463625803673261134575664710052
13617277673393303801984727117116187122100263979133104400277016915750869457819
5773690167720734599996902063093419548990542067496426208902644616829782240123
81809092681991417006528432962589615963483345287766975348015098250793139880
4153887316735324232191038200964759117761969620883930748644583053713947755768
4024646566212677984259943483183055189668421345849622811399299318223531762019
5263418062447102520043212769174588234650991051287001443798715763812083831475
15797204992912602782598217174667916997957743862263243210672290176958507239122
5500732989196973372070383179130449820328366143202596907391699197047785553002
15251173685884008085114986234927795794270666832551901312943553528100481075730
11452354616710454669150864258075168158534612113045289027646436269973062493444
12725289531729218073532382105541007720557660513144076031535425351834949541923
1260676136617278317677257827407236613373222889823152197546365686743085384645
19314733190005357068144370943327011956816171501886527016108829523830559512808
20941416221561852535972822887219485463370926032939187996563066232263324391641
7306140605098645066594373621116254931106291332023149869114009091526247037691
3497036907400143264794870997801471229070951916849939056052342942948159894634
19191355870505815410161047872643464232659840800553604988872975586164742189742
13180692688993611369178697367539725400117026795074848785289848922238957442489
15627119695826549302945153836806735437382471488929800428584245688686258316871
10078071741141193193041272337273115690657020074720671237256627339071044480537
14846404702568045337610491488834809429403561085142033813130706751432500875742
6755457371707063327415468686839598765273944631070441811415666085651433458743
12173205753911761076852169063277465421962038379384326365679299057941874475300
9695235723017466917118294742289599805852193863559967094281518913171320637883
6775181768970847145904389681448999430248093566934500853603436604871525328046
21058782568846380148171082993741607456788597691698933962901880718573383158150
16283027840904640812016687358931291859687713092221542630248314503096923371430
5884868341831624559288985550274553050250428793050126215292507006514928183424
11165112250797627337101032985510309351036811798007902474935347239166185633351
3475640847687439583595462422958218476803182730759619790500595984950709641487
991962261701027709738587913878426010565532404170119700703197821726773803850
18126288531131540875081094469835611029362001243382953050817063625851420020573
784723885552843156503348881645546592022702737066919934209941619122251015937
21804677030949219783224179813544038524007176143067527603481544667253367400063
8385692375202878246876139426059943219295006957638640184077069033931109740665
17922254869642004269732446159303395791469594019637317368506448895495275519455
11533918514965217726759799658536869345728892404060478082655017176816789563849
9514075528935808983011904237995917441584691382252747390361990969755860618158
2183591150406966902052713247197257702864749891572370394403011982794435171846
18454226393374088112437439571451830276470435602176693987087096356999730555745
2559283638816644797433648517253439534505038876590423757645106789678683566490
7910065846668381746454015742514280735361745284534996744116688031614267965120
18629224712024903928012744981494276742601862480825081549952122075607861681702
2861557703135058123969591031851323131392314638868491757490940438150135337173
947870184430905511467145573903272484372451470411905983887119976778902651317
6832870827248392099997366330641951924188867073965189137334656328842902613767
6003801104626031699892551053770514305204644884006535351637221746406498090209
21048950680043689588521764461869769964272281704704370200934328343884487227364
15003396079449866604758728287454433722740439005936930122929964041976030323329
17365037522163029826437425917525678188284399838214391676713356550277748574370
10826864903768401374842068504621710932844571381458066180738650179383651352501
13671961833147214010907954585478523962352101735081003605179548824577479079660
2934689479556599285831883193001842186718203794322849595059176971738248887951
13403841981873347146453421908838244978895098752207705028815734544127002118690
19521181199595613140906480328419162258449237249706947367585013101344995081971
19405811041254415181095994245805218962842930053712335180109979666735767559715
10297878130177157330797904638804426627171834763464780820007801837733441038150
21214971703017616766139602488155238173017961536837370924319348430160080658636
5260164652371587125114148642139083615722975377797141140377690786326542240687
17375952423316675984376837254676385924019364338405639814807464302811712265119
15356747442054365281292909513411887384311769259546399422256963437826715833171
15199145367178159244804014749992095203267906508182788350735412626932282407601
7355434373375954331992201237891702753485283765299270433232084427532852647336
3698310121355522865186792111529999005605563102302770775684771826681180510137
15274398564836713119446276497938858811969002200411480342910025307041037351109
7907717977304409409571715101972416352115346559394448693814717049725977560338
5696126996747425538145564275594431817425488800148926536644730185953922653908
12527028129933526911146231340561274934820749064017080313882493951066003629458
6649006483960804735450359657300697900894509082246521446873010171931007089414
9419817924592366954995934546928379530572003578643417275437590143279758877164
4149663611111626027957210959191488760708640444884290856011756444458780112829
18473111081954462111127146959644466423698625668300402433316082532077717353712
17958703580618153027588638844014248014186147754984388556839312505889639071386
9538223657349614825154628941690515423885526105460564848487819442375220802387
19302259589398237945291314313007396742584387640920506907411610771708764757909
522553167408655313709568039651364929699467767258098704951069916104827417482
19324488836572914379745511643457869889337757974372764114058680497893488219026
13438961307381100385641333256215519819199507240868996647135263523535899905101
13158600477175473704189148847083043118229483387502158741272905594891483005324
385441490122790051534332059983163353795593239566702684649564080147179195799
19477014504739013460851234825051401960537650530008818621014976586609963541627
12581056276992933128288605851402522332611501104435868469944040439705227153498
12226175151075512425219786403233796509292373499525019191539799064372474294028
13895226484604339052815122143661198354546559556350810022695233265064008610813
10290008650452011354542821183664058438307803355268117281927136601621777422661
8637763532454230700124167023280292393396846106643404948339461285147581500558
3075505979507254943890749049460196097711933531760258362827928573540875332007
18932480477846254452042218456053011926260213059644697466760340523888608876020
20982788178192805987411596863283472997169828858469622197061501489723502485162
5532643102250979403609505314702615918105989338224311773217304755607210036691
5090763105607666758961458944905060185330188110558936199421693905041125635239
14694176204286150079920453089521095329688635907605130688572233302601567330784
13619178235220249430738210417428691165845442280573056004870283268712487123724
13666172385220659147427202553597990121793772473282819050322625352795103940554
21184676905235767471980094425007288557457363695204467053658243380297944476117
5513276748846852192417607231708655322722563980169128938678283634693552403351
10663834754429005201926498543090440702686259283471872648147197112617752962615
21303357280147899631442483914836407410535256623252949406528028321145664388473
19092468863282248691570979228696802794983110439885588149591284545040024257293
1688653459744183887254829000972291218313365221393465239319471289817005139718
12357450699037755502269419437863116187716964268028178280836685607195819465701
987884073001954258999181193599285744064821087648283872755831820283019490778
20747217091614042066754968450408104789791145220804760821201955816885785480275
5698798293698567889648013678974275842193969159557269054160614664589163311479
18875464893110605888448057972815617343612450615535666852698882864290071763928
4461635360901657054402913724338372439613048360791282857009156092117680253695
3448051631275978781873917078950557745334335999623235885879892317392065608270
67540531873008140641418276473807462998485635573706538074545366035612166532
16374332423902765639056556341259635286115108703413391120476177914913405300729
6002513479392251523004564114767418210878891194495682960234739246957451390072
18174383700196959243845900791074711202177599340409867420917936885225757902973
18330598720812916218332188268338566041983866408058016430257102649520590301156
2482870081286432112690777809882070307753923361863930731970791312169636848920
17792120545276750435109979883968066792591461132241966351323349323506625177695
17595435712201646011054373573896326798333368693290954016591416196138699526121
20265600356634891475851205195422395368750288361604287433721231435490802182371
932998001773982879580717353570713272790601581801561294618073643930354086617
10408304003019680126466138115318770072514009977176340210246486962150036290618
12995554056395827318216975701768376922323298329034509039339668376827944355490
18113219552849625100047643471330979023293367264810513975941586901384848563938
6390420896849890848873363604461595204035575662497376497159746568624510449706
825231701924337391894289538743495304663994038282208089998066693749132618221
542620540999319056385282995103011474463392689392954099896178717533928080974
12439452243030312207258005280329017685687620859567167135514572021684326032496
11938028657576616633026318674676816171870205035325161717436533892311330207169
20211272138735685750397930741582511363383997245281039588363034036536790170748
8055890993868400499817203102422156765695038452524293673545139102721102022021
1715663361496454520046703858312192646274041129664226355747646745984003635189
3075677572591736841155605354652376088132352412557685040846430664701785622078
13911071735187610460496138047590971015942934179020245021159567774639970239482
16694909971581095564023674448143200352579980769808625067939167473257217239258
3435577787061597595108768555293743199832723611955905401401152649170235540481
12597124445248726212191309198376429980231970526611820898265159416897934313964
18721577839566214079278159914719296496933087660647157429423595393504909384738
9873866184994292680665876149143885249225485789460726575016965453207356922059
9384576703241328821797495838884454838660059959358206232956868268539413139462
17476113870966354662750982880726479480743948048904340215059205000776197952723
16324584546432948062861006131752852171239206734437206218693235385929476068629
17710721643181468711953729212307699585805125437729875536376916877512680779461
9280020625806263323824873206819583659285610602895507659780204826693140599737
20334834937919218313754036322239696703949496281432558306475423858216636260235
17390678474787657986348730622454868474105424445013077701681090652958210071057
11149718665919138561070025015022487364429182134931739372453278096974937076848
7219267698148231734269438138294427953781240902626217913802281155395092508955
3479556298909761661392731216119723758956390491304423638911785470649013318805
15567058358240281608310180518601738230074389354456366074084803003675601068121
7674881631584244444614918851271420086641511705170292717063799282208931235457
4822754750070325675026206031567957462594531183813046322303134934040156232699
9477215874134184791440142674741491386046346160728093956692786233761160317742
17265290471315172982778265804850227686862527892198894990999702494221791983303
8826229999959249143040594029617139807510334723987871083619328927626411291887
15334157236636876497356537665817787742423401914976007345990469059598221790978
6324985973894530622289087530456870942574006653347734221188726784821311867488
15583283566389385166678078567711308501155299155801429801420861947195662865621
10942491194105208491310512251094277123911398989291333738265717328576312750877
15683637753450870044869782645643751650712705570964873625704915907369629070356
874154242981539270918587517596890590200961975018125361564680754598863225541
13112221438961667117570307241455731166113611674500909121709571219900724468800
21133625588968167058164078317126217810462027751072497959985604382019550708803
3455381921301269576369949780986618322909486467257742564452195193485114593934
453595863489516081603363764229694986328093480230977929791517010702126446030
16021580524712267610055421259807742341141674202176476542909252063458288443077
20015098200244459323534258379009966083116302244004321206437274713515011102340
15619149429420761156378930394629011442347984793916102706854789573709504612460
16917832360586795957894673713362416523990631733589330968841821479242014316581
10032382150910335277632460313783457491722161954217597856333003557135821047368
10859118010332029364211103875270984635067462426553103764643014307472436262552
5054195978550763474470308548323095318488072959181597371082707326793688561001
12300793120240909674702828146031713795816301802857059006700228455894164114441
2142372584428585236397901285878546582612407018401729215952866187638078320975
11531883145972543975630709827516625146775758145891735848131047302866449708677
8738288460439006904222380047474972558023859322490142360462893575006273966485
1106385122236435276027515485628847034686353321996716597577804769470524660391
3503127343043451115981000427016236085467114233444658934294633396625223659011
11719191445932298989096091478051607802039866047081330758863461714362548295427
17441063214837243849261876161939179996765374604926921337202081000719220329672
476130544916346786515155576620295027830442774509415455171259926162950824790
8114706077785004507819100915428478927433848130599742612842325573802187440343
4434053818739682782365873388366192659613925457062071559367988747673351962777
18818628298635742011522469344893955944487972688488354503797352626044184554731
14281494157437218721381448867509169474080620669130708292153363664663424000966
21030221267441973984216422710290862885373919317550974540062684024143652180117
1540226734590793233143419264910969257008871810775835363272875235671824328062
17524713841439001230349379956571026645691916522776816026423076493786527257398
19146768220671215046908259610107359317015369771662821491280259456820022030741
14644626297140108655225805891615936305474404322599754517442291005622420913764
19222283940900210367121607392579997892486220078056505643718978751125842282131
13334894437332136750532399325534757935052362301671833210635076497916725782222
10181546351575919988803003617300239643845063091856211003090776193075217809237
18025871010762616289440159880493903375284197135334830906928826469869723045591
1909901817001097649665604012356871960212886709226232419797535251676728008260
14792885673482259685998124182059747891716225116549013860917294136774356948829
19913331919028958799365250225492765193013806247238478855503116362283994735600
13217324166814378287713575669732215662944697631461574600958772009956180969362
2288749634418478318015284785909073911970046850318780205496791387536432298466
13844142599157156090124508499565649617553876432923162633292935239796095365634
1550217541323630390694297675598558416376408780252924065974340556036915291577
11258955299533579921789828026923469278291620953848112022729788496316749918923
1047909140880712425844608370651047534465721267412412485218777998681081240376
634399920861367103956485258532603345471904296905890630084757559488566521738
13523691659051236240710573307270592950549073005419122880881356808568854704803
5796300657703423444447607495401656994648343737600314800487615500536680424219
18539291941225974539197335010651095252208686097769297764919962178882276408452
1804014455177710726902559661354159411586649096718329609297520837671113073201
5574548196020814956894330400337052830748154062135770425996176416127287796636
5224635999937841174771049049144458841838834809698236435740570898933623798184
6450974461493944483806327336776478639003671150722313937820777509218420988148
5301675023631543598812438913765902886817341195551816655338012806606078284601
14147955070192244256357311749516128553311725818545336963896014029440188438480
18067708333832445560923000518713777688232829018377051182141360321553415789174
3321472931216044884284392100505577377581592057885707358728359648428966291928
20829124205126903492384921016837438156832704818100449833663530527292849181882
16429402858898601074607006629097429737274028881343752670287631746537344991018
13958280980741726139613161239398736328104630366390847968297517234980678829960
11862593459948647829117407916546665010972600433968054049211698585869136949436
21627076957079052646525035234511203016529933712659548133180033383927832030235
8804984523597931602159952081856506698236579970207859500726546280222571968682
15906736731845428861159098230806751248341817002376614855840249950464936181821
2250749758148192002445064502362285139376699574629565890476642864210456835327
13576626248658706695232880938311438300776835909985433217189404621781415374452
5307014608193813104520794885658715042775763558765562255378202809511353054023
13409154780288562585843732727678907725584763361738783555793525299973201919526
20988239126712734092674585164272940799854915940700203943908633720534611565539
11989233564857892600682901816807598540883298076884483100440636503151732850788
20394241847447765427627077510075254382995079557714550536962086181499100827987
1118560122615186728891129846806133266890382589173909329703695211209125633446
19669762894202796681528936749721005179494947379425461122862851601510269591525
2876592541772220415967417009751662947455365615941362114090355525414368490458
13484797013299382338688716723849280971813423301765685888832147931655539169036
17322489868958187680768311264297988621047284132738618294373288492756722936405
12023762334150847509616887955886422243070785247413298929498203923306916112720
10471422551277947878782959839495768762853544443909428712820545064015881982031
16799240732208927744970242236102367688511216902086010780216379608799279950815
15868259031247621980820774048736783617205719083116274610692520761671105624646
19998354913604027616441106765368249092994729901339517390731956345416484169408
18301363471664044307807837555254444646396145690788134282333076018339605316131
13906510715329842328757132599536616974062415568856168252802911135392465736389
17945212921261758453269711344878686951607318054074039647224870124616389523953
2882561765181665993837948667646105757076291429263201090382008608149292698010
21326152351985436891422736035368233787167757259226471316526254909245869463366
2909746176973618642891506780192057710018471453119917773378540208232954233908
13010087841390998862538518066067584822199847790514579689666528866093370349486
17456835743178425239835961290793615093906444245470492909712774091046465918644
16047499803201413664536441726283831849603315915246917845433267439143843967534
63442096488907012809683572480214395717751131341070758330313894862129307552
1781603933497049148877139188914133751835833787417857450099271977509530748856
18663076886897224707697542905707795093369073387753805535004261994892910319685
12636749225233842536174049562326526504746915834274008208571298006086114873215
14379857349206585605120593726394533797491457352210133791277734284421294218935
21002047142693000966854527585260989762466137774287852088407504801463293528208
12102481942810702411871942067551458068082076173566636734608734483697352389996
10441977269292828610906632061644131500485033775782487713181479173884642080187
14389473962827541632076315818739903476221445296125852136284711278970864719768
20117078140236832226433852624042575793366540554961634831437524547236848731269
9634962211608427066502777010266774476333337754657819664143534554660808825137
5755480474828579698146015057748509208060791005747795460318043974375111872136
933237114940763891608086678467205380961082446049072872369471966365675282236
20656697479475481053864375899113041518769417510642673931814986141462617159407
15582001037242602384211504067310315376158525109301803850514563936707993775103
9612387903813892463571857645217482117257415513716926079947501664123920527575
14100913418344192748885489011994043948923041629427040784941017356361734260403
11843441033056990383531035179069280954846340403028894701944773042016126180251
10550360311864116691860766856544772483304929519444756048670484232011183348992
10336619783742387946776415416603963610299354731066896541897538237322745501059
5156444620124687261085649944757574694110146442999337850298604254473957656810
10125236301497565914212286549889707770732208372713373279518347782584810440592
5906448222210836305337518273323357407296443646253930427572588930466618102959
7366157243979574437120951821779342667287290935672074351461557998165728041970
4963561332949068036688741125516006022854913333097635970466546525244419440074
3747223835103392171384205474244504902235270797002829028036994423245790497938
17238771181215195272937441655895680542924031349647488890471157190844155666610
6871800209701162244181880585124636669756233045485127995181050632958538047374
21452447535794059380238043359852956161296463500052462849930163627970533237968
18915931869001534785712147980318485825209896600369537180578200428669795055891
13729149817590888136729108613339355689023248166520079954053993938279675752284
5359541946778281982545838094853388647235113765032045894184295440512695617244
13186563959691382788174459286145590264183660351284961916738773266299981075982
10739500543335515804167167240709605182132432019058683173390959450323375562953
12302720938554833645945436879680971583080442296750590151116445562737632070675
7400586731565897726868187910012377170493064095117692366835121163822545006107
9100982915085380755785059927291535000749148144515572000699251392353841284498
5050401634559129900434689140571532668462384540876401656214708692294744882017
3803041258957492856243915605356043220337375295055808445291510669119687139878
10541313938742029471363526522991245369890824590084550794261965814130828060543
12477101673319594072631427296388634239068929167986506290097285982124330357509
8750797342104835468867016696013425832130039878488032722216492359188586133919
1968356424224115516894728666532417702772985102177093947948074530460147246176
18891378769371858361877363876132868076661693138100542317211975944492942782387
13369839336770091276273174740702167141150026496534781522030966222830318248873
19680469159890494338884920506948960756007018979515220262446179804018407213853
17058225483698929264316991952004374943709560333317056543917155701972188065384
1523191132426600588143925652308603832598204361114332165932938315577433651021
20765105454466229422281392493132619756093990233412846879373789765735687705548
17469484266563894907025603377056721137226529788530985018204237507860601117029
10265580114859777478511561811229717684762893760975773432466004029283444453715
7401770060368379746243320587773006399246912589710835625970327796765737166293
14431859039410483545066820858916002836778609616774974374476000896453281431366
17647660695136482143715627733725167884391517064504926503034785233897721688777
12018331925842003648194711528665288382926160728459718144431079254023937068388
1872460490972635870633521103429942691235622278741086255631054396772622850482
4219548615601216484232142314025880160918221185719231530736849583942075131257
4916500959313982820252364559037176549699015253242290227075433931311464556412
1321411840832713998942716017392940867710492448162497752346520528694518856481
13394715856335350944621930681843998317841418081552331768222369639276772595418
12981270569474084415830682691453456786580801947934848103384587525750795050985
7421721611305807407973234753847591792845762398309267568641707423830444554923
16394511942812662193460602553360129893143825771749784184934251958745250168289
7665500514597073441943325882600307050422809732018648953073611531167945225680
13224221754630119771277847833421967873343658947238549957513394086942050395548
12673445794178571695304678362875449445258605704773595474594826322673677046628
3178891244566282552311095292335206491369303986581371512561433281333273311623
12513674071908443426004901102837741722746023296229157214987163947494625345260
15621290090466393635779667523921471188473679110364311448009857128294667691084
10571238822435712288945640301911929913051692075575935843910449576709617286451
6530256881525628486999618337620085086779532814804781426055464322522344088523
13965157209918934423494461897001547266346935137215449409330109459708752969038
19594477473821194924904998294419201261999008337106574700915607766965392885078
16818026509422845402863535241257483409905134376683459957530063418305319997708
1914281939370683758778313403496905656707887159566499874415036863986333412674
8028030594172050310461840490718391800917824198897425919592519170995561511881
5712100742265138423229952151698291845952907296779207304467796773002318428331
1330519387711623368893294397399890960640264334948670136249467452499099358429
10673666917146807785228570384183911827708595699791356114623773892056401271298
3403854209711699599437432857407983482376445076029938956992382828359726494861
14917387030161929092184063090274949426606389921374763131753817982009280180846
18103843762865096521618634869110196767149106373868883538736300768840084741048
17475979766949608647056705069507268803598550474602457819772265525856291238420
18641395873870787736075129479870768944829231804435389775379614044780383404385
15505571700599541836365110704572846183678348037336284348195037277955349976586
9209061482378903881517818259519899891471415239377965305938772585849194894242
15549198938387075937069926327586422789294343369878676556236018553943699843943
14948123558319837645059539149902080814842443564447968696842096386340571635742
15867048488746917034869171285449500013339760060621027036987450729143753558742
20930053683275599521569068889860630343392984037118120695701863380631461173835
1887839488268774089845104008296219029938449431046892037843785515881192408117
18381721292865031303291806746144547240818496384903865450962795475558975589261
3128348822202699288078612961841658521788928727383139792958572879372186635134
15278232026371261944846311808039322598874035364893105003683571217494517964987
7455951404111008849952160949582150167347795066532239948756601948781262420678
16041396034480984972038467456902741579090955157232849795319039229399875292320
7061051218616180386564368050554544535731172915035463417831590106134588559484
3906103483855807188170237809733981926576903755885432205808137834508131448722
15090620535974304083009750734873974602560552572464094898530413560555727159720
15240853135263295354119928704781529357413309994627059450796080325231491148222
7979572957234562636072704725184336669667665472174532887593786580125834609400
20956569940647297207457597672693773016667910258423250384886764975117208246187
20780053102977245313204985833440503727148038188210324893421273294466227007486
6228595628883772795943345852352394401731419669053417010026803758305567382505
1937579896857473196249784537724595760534322993344868349703412603025651180635
4030572334877113011730734716306568354623932645187889970145679206730804881718
4576210638579869209718051116885823583234048049940211964478961630780536851824
21070980364812351601046115799210262797624492805884624286581322086961870965439
20634388507964910611493906200389151090860806076279101332920649177150373930888
4096948239501853140517214542948965743154770844421405281794330493182978343391
7261897458260670082101809110403769144865397306491849341466969265147323598888
18851298993321968173753945448001047960789043132171231028182056256119986299331
18311284688281472373105495211579211837653911356785782769805515700959434563745
1165568099333284735388955103512694187412847687670104006389115979242877816825
10834969036135144698033350159971741158168713743306675663903012430623335624727
17298594762625693610898523676912025664362796953095178961203806113005250418811
17925218054983830343006283101924743473926307494031038746126462966490003567764
14451587273288922899228667449664356085886027713521738669561047617497456480255
21480993237947837545355840624357158260422444508445660162480336788780839009356
15278434199735212622300867757979434240323570377286499462328075181125218534334
1006237561547259961939771846303523665984584165304890129172092743089518791631
250980612468536988216542662864390396364397760778628746462332433331010319080
16839231225195118405409278617516195088632442317120216858394456187410153309768
20932178407129451121564538635479364248584350798262935913130228984960144978453
16786029382411912114675272688645322996391468598061187323921853604121416539086
3452336390357786090789112715140803942862804464739760013697265298909438209798
15636479308593946073693512616971796687847871608524083111813065129017066201148
1220246276460476201466040545151582435367277790000812514743047398326501584322
19372542320301012643120645226496948101464777541480609732623846137280462029410
8280974137472680903098858873664052893272747007608230058553929209549099306560
15052853666092906748646367909488777002628824869858459033211843268048167649365
19005416473606089883936486436825869887256002368048415741926240943109088242318
20425182600914666469108003445522532954625506737992841165830141939701110702140
2971999803042527247914902235561610358465046678954879384757395998952087157845
21185507816977599442230442291940768602105659990097638956741433700879014534268
21149446550306650140909097143109373561173730558963385424887496508857544711567
8862607707538859065566425189750550998298326437500496830786098052108756067485
302826452897944621463998228539301296357916053632340250721461451697955015385
5845824667337744665282050493784027301802811725632668337984151956802667870614
11842554227178660770902868266326040989484662106459228923407611260843239796745
5224879097689374376557190297946911829118302653837357964099351316089245249580
1998580315334287985576226318033293641008636406645239303489777154941001897735
19800713907294673765457790712254409780167177400545090442847892426149576348994
6834245324218177449644657085818762471062018597327885244091813565655851116745
13450584714649503823952592859402138166654253993402814776934418508902023243066
2405182512154338150847269676373030519723978822597372244238465095390866466904
19620975060336649984582102151063745731356805391519618087819429411418037841492
17504924751524311132113134209241834719311713016717499398941076075335681158565
15997303115725904781674936196254635453671516238457979376199673427984640224366
11906006023250579635603174482735478570061627325581768120119257750102521757250
4090122526647307692867347320730772820841575018122483909655612150092540874518
12064854183456138081050687620713205187670003504903360284950818450130317957646
19897351597307765232440692169754998507858687556013592088502707287057601302774
13536019545015124151213099099830349067997485487193073136439013631619475432551
18443230208017804512866892784378972081190516450885248024571646704092963025918
19444624653849701226034393915474670994870856614434147686237463721325311240708
3404975859063957781919845922623746153766077612851174134551845296502369888317
1603579195019890866428392706857199658107488290100098780132735601866336606020
10558450986694814897672109692083384323117863561796870480072415236697683983027
20321484568887015278609085296487998858938379161397196722204266132374429614230
4542221671173381795438186707189206632218813019295849324138639400449587593409
6728931555888412692163902712770427950305789793356136648649566567125936445880
865877188098135658409367276277846108509806824718340797644224860286240821793
3627628002703884504368223447235432315175510901534207442433736154301614229405
20707754546455154368745903959772423443296593143590931138973508063841938633908
5096060615996985876407237891866874553938743984958535715343631103471589846881
447881239645197899814658637686138862912586855138007843792483096176923679259
18426305926865309412355258684164473938945663305743068965123614063791927033957
20270424419242710702660593991666188192230516263923356070938372317114843810549
1841029272413092747231390532456524934856747377287321730048065075259649533490
9422190196107879770529748807782968515688026263574331107671110452042638244216
16342395056362561541444551300955852732171545096031223098536618654374755587386
11903914516687586073851957391247080622553472032350845846237237923767247865277
17765586390395442543220014197080987439177590086061537086131276920293723647491
19072601700208727389133966660397888784030632460782646130578771315093579545786
13912044178431406655153387056455659318963858755385555510273342604948505623838
3745712920961775087878160493708833656828746430083129795267615000880882455607
8482825009968020137151535303496550014493581767763449685383212391873669421872
10080468172330511374702866059769093181188767093498859194262129689746291727019
20029745032906468745728055413858649684654280630049254174678749776367422447282
8505883668221890066557139600386723350464921516258273314518502944461366351371
18683691724199233765885890043256111973713880605626884380877707404167097717428
6018382994380499121325060059745375992356942910532971584368163349339864806614
16785674033371927252917034195104145897560826632393908377841015929812943594466
3733862007795645286990380314646904411950162549779855012543543762867169467608
14396999006774136729648473034823970964297893853423817960398236234223146315804
5989257279955718919273904662162101980099746415436428434286492921287206470242
18171878453003576567765731654284562688086196778845973985877753571198350759914
3747405635214115055818589423624280409083048324306823684796616024326619151993
7144203717705437796719404353450051572742774350064041992009480594890883561844
14202222694783016652567229610307560774668087758638729183454376913100724190246
10103425152137849605405906971278568626948773934613606603557282844353907768830
7309971536877203218738393693468009490714031062582463707216725709109856717727
20174730434335902514300830858914193320573019395721269859227034735613961486688
678405901096078835556204044844953850036903323559685945267278865083986583678
18161542964504018756599025131457076882919477272383271355851098152670012952833
19839075255446411403693512354956442708718916228874588536670651719438550889519
12613233548106351539016939889287699998731170788321266667783654610488367328870
1484571495972515370337452485483177148449258581330600173386032619490207614651
14472118858495369111231793494738046459804181057631080597061953735778045302020
14575685753551393284065738848244281014409277816461660093642757370843729225720
16733738302882089012910170277614947588883238094008244104324548271569405895761
372184170027280202110910195107601814335586463811366099558865641610959204033
18172830492351547224340784354624664247213871565664119762381945443980506781720
16531191603868957315093602463693485905525047002598571776791144449937937341757
18267470479454001929060992994757200217922253801130228736964853711804147710403
10369391909468873123985794436324060227956485957434946701731721846894386933384
8145531364871059091922636644051559710844758759169042364629507851302896619471
14312116060799051300935588364703746054119365507876909441704761225713823650835
14769899977917184640554626698521160517583613202434649335327474398682942072698
20708425960756930826422569201672442418517844890950685816628867698231629096328
20040994784990702573158120869590447292856433951206715494812322886045572944360
13899019903919239701333133512221271439037138992547930092877613695694055076541
3641947540034677993354907420245001108242478587546316076112595416028626003684
3790787226370414297354964455951323417240255844979044353004999924374398072688
10694281626847754424028137178069271825285649238788043010161482597013851580452
15101567002537610000929267482802657756522168791764062640663323877292564516158
1288782701409505686352160914524410254755598911488929713589186771050715916228
21729445258961548633946497522944027292328844424036941866352015896006131056568
21136733892898283619720479112294491218554199912563886738170719106521368169505
9525171878035274204943999585872358390135056004508137730314077740732519614805
18978585928369155954839315074106159283711034228892662833528213238237174135262
3072043898509618506209603445771564099563747469176333767208589988228104585134
10457187320977322623909329650359463565718296841144444738070888192192853154910
6453101500213936359820448334809453740114282832365587834267805627800545165332
2858487478510511889539153286349503475674502665248033513833399865535157251965
3632293343412901182778507115892544431629145959694258932247793380794806524109
21494448598236588515939256590268855441049752070185816232256920645463075600892
8097613191033734835266243378964976446921272982651434449830873602733135973893
6387996205908185092812323144717419362623307235819083926041166707810432025404
3491244818889676127156984093849218945752415611089549950832962762880286709545
4478973193892820737017426126412194683501912544293037662603271788454056287814
4842170845693830660964842709710745167490816928479917439118934018598949671349
14789225273161651343658282472834666166191082653179608889748781448475983099939
10734747579844965136017783083296466695713332308165477599989400114379657219804
15133909938131907773146935316856780764435473073721406179635346683352089626931
97394158923295639507008239357071274539983446816446227207338447128408205842
17947108541758208278306768140431901864607989144232187044270571870821473395353
15906499278570290517244217992774973023122195317637601779700401087099378882049
8991770701027957886076677775635160350599322321788461391761526864463512628593
20299963274428952490356187190017449016034972427701995308751396645169119530732
11889966692262134972020329083932930476037458625636296518791906393061996740476
